Wi │ Mo Tu We Th Fr  Sa Su  
───┼─────────────────────── 
w1 │ 28 29 30 31  1   2  3    January
w2 │  4  5  6  7  8   9 10  
w3 │ 11 12 13 14 15  16 17  
w4 │ 18 19 20 21 22  23 24  
w5 │ 25 26 27 28 29  30 31  
w6 │  1  2  3  4  5   6  7    February
w7 │  8  9 10 11 12  13 14  
w8 │ 15 16 17 18 19  20 21  
w9 │ 22 23 24 25 26  27 28  
w0 │  1  2  3  4  5   6  7    March
w1 │  8  9 10 11 12  13 14  
w2 │ 15 16 17 18 19  20 21  
w3 │ 22 23 24 25 26  27 28  
                            

Sp │ Mo Tu We Th Fr  Sa Su  
───┼─────────────────────── 
w1 │ 29 30 31  1  2   3  4    April
w2 │  5  6  7  8  9  10 11  
w3 │ 12 13 14 15 16  17 18  
w4 │ 19 20 21 22 23  24 25  
w5 │ 26 27 28 29 30   1  2    May
w6 │  3  4  5  6  7   8  9  
w7 │ 10 11 12 13 14  15 16  
w8 │ 17 18 19 20 21  22 23  
w9 │ 24 25 26 27 28  29 30  
w0 │ 31  1  2  3  4   5  6    June
w1 │  7  8  9 10 11  12 13  
w2 │ 14 15 16 17 18  19 20  
w3 │ 21 22 23 24 25  26 27  
                             

Su │ Mo Tu We Th Fr  Sa Su  
───┼─────────────────────── 
w1 │ 28 29 30  1  2   3  4    July
w2 │  5  6  7  8  9  10 11  
w3 │ 12 13 14 15 16  17 18  
w4 │ 19 20 21 22 23  24 25  
w5 │ 26 27 28 29 30  31  1    August
w6 │  2  3  4  5  6   7  8  
w7 │  9 10 11 12 13  14 15  
w8 │ 16 17 18 19 20  21 22  
w9 │ 23 24 25 26 27  28 29  
w0 │ 30 31  1  2  3   4  5    September
w1 │  6  7  8  9 10  11 12  
w2 │ 13 14 15 16 17  18 19  
w3 │ 20 21 22 23 24  25 26  
                             

Au │ Mo Tu We Th Fr  Sa Su  
───┼─────────────────────── 
w1 │ 27 28 29 30  1   2  3    October
w2 │  4  5  6  7  8   9 10  
w3 │ 11 12 13 14 15  16 17  
w4 │ 18 19 20 21 22  23 24  
w5 │ 25 26 27 28 29  30 31  
w6 │  1  2  3  4  5   6  7    November
w7 │  8  9 10 11 12  13 14  
w8 │ 15 16 17 18 19  20 21  
w9 │ 22 23 24 25 26  27 28  
w0 │ 29 30  1  2  3   4  5    December
w1 │  6  7  8  9 10  11 12  
w2 │ 13 14 15 16 17  18 19  
w3 │ 20 21 22 23 24  25 26  
