# Design 1

         Winter  2021
     Mo Tu We Th Fr Sa Su
   .---------------------
w1 | 28 29 30 31 01 02 03  January
w2 | 04 05 06 07 08 09 10
w3 | 11 12 13 14 15 16 17
w4 | 18 19 20 21 22 23 24
w5 | 25 26 27 28 29 30 31
w6 | 01 02 03 04 05 06 07  February
w7 | 08 09 10 11 12 13 14

          Lent  2021
     Mo Tu We Th Fr Sa Su
   .---------------------
w1 | 15 16 17 18 19 20 21
w2 | 22 23 24 25 26 27 28
w3 | 01 02 03 04 05 06 07  March
w4 | 08 09 10 11 12 13 14
w5 | 15 16 17 18 19 20 21
w6 | 22 23 24 25 26 27 28

         Spring  2021
     Mo Tu We Th Fr Sa Su
   .---------------------
w1 | 29 30 31 01 02 03 04  April
w2 | 05 06 07 08 09 10 11
w3 | 12 13 14 15 16 17 18
w4 | 19 20 21 22 23 24 25
w5 | 26 27 28 29 30 01 02  May
w6 | 03 04 05 06 07 08 09
w7 | 10 11 12 13 14 15 16

          Tsuyu 2021
     Mo Tu We Th Fr Sa Su
   .---------------------
w1 | 17 18 19 20 21 22 23
w2 | 24 25 26 27 28 29 30
w3 | 31 01 02 03 04 05 06  June
w4 | 07 08 09 10 11 12 13
w5 | 14 15 16 17 18 19 20
w6 | 21 22 23 24 25 26 27

         Summer  2021
     Mo Tu We Th Fr Sa Su
   .---------------------
w1 | 28 29 30 01 02 03 04  July
w2 | 05 06 07 08 09 10 11
w3 | 12 13 14 15 16 17 18
w4 | 19 20 21 22 23 24 25
w5 | 26 27 28 29 30 31 01  August
w6 | 02 03 04 05 06 07 08
w7 | 09 10 11 12 13 14 15

          Obon  2021
     Mo Tu We Th Fr Sa Su
   .---------------------
w1 | 16 17 18 19 20 21 22
w2 | 23 24 25 26 27 28 29
w3 | 30 31 01 02 03 04 05  September
w4 | 06 07 08 09 10 11 12
w5 | 13 14 15 16 17 18 19
w6 | 20 21 22 23 24 25 26

         Autumn  2021
     Mo Tu We Th Fr Sa Su
   .---------------------
w1 | 27 28 29 30 01 02 03  October
w2 | 04 05 06 07 08 09 10
w3 | 11 12 13 14 15 16 17
w4 | 18 19 20 21 22 23 24
w5 | 25 26 27 28 29 30 31
w6 | 01 02 03 04 05 06 07  November
w7 | 08 09 10 11 12 13 14

         Advent  2021
     Mo Tu We Th Fr Sa Su
   .---------------------
w1 | 15 16 17 18 19 20 21
w2 | 22 23 24 25 26 27 28
w3 | 29 30 01 02 03 04 05  December
w4 | 06 07 08 09 10 11 12
w5 | 13 14 15 16 17 18 19
w6 | 20 21 22 23 24 25 26

# Design 2

Win │ Mo Tu We Th Fr  Sa Su
────┼───────────────────────
w01 │ 28 29 30 31  1   2  3    January
w02 │  4  5  6  7  8   9 10
w03 │ 11 12 13 14 15  16 17
w04 │ 18 19 20 21 22  23 24
w05 │ 25 26 27 28 29  30 31
w06 │  1  2  3  4  5   6  7    February
w07 │  8  9 10 11 12  13 14
w08 │ 15 16 17 18 19  20 21
w09 │ 22 23 24 25 26  27 28
w10 │  1  2  3  4  5   6  7    March
w11 │  8  9 10 11 12  13 14
w12 │ 15 16 17 18 19  20 21
w13 │ 22 23 24 25 26  27 28

Spr │ Mo Tu We Th Fr  Sa Su
────┼──────────────────────
w01 │ 29 30 31  1  2   3  4    April
w02 │  5  6  7  8  9  10 11
w03 │ 12 13 14 15 16  17 18
w04 │ 19 20 21 22 23  24 25
w05 │ 26 27 28 29 30   1  2    May
w06 │  3  4  5  6  7   8  9
w07 │ 10 11 12 13 14  15 16
w08 │ 17 18 19 20 21  22 23
w09 │ 24 25 26 27 28  29 30
w10 │ 31  1  2  3  4   5  6    June
w11 │  7  8  9 10 11  12 13
w12 │ 14 15 16 17 18  19 20
w13 │ 21 22 23 24 25  26 27

Sum │ Mo Tu We Th Fr  Sa Su
────┼───────────────────────
w01 │ 28 29 30  1  2   3  4    July
w02 │  5  6  7  8  9  10 11
w03 │ 12 13 14 15 16  17 18
w04 │ 19 20 21 22 23  24 25
w05 │ 26 27 28 29 30  31  1    August
w06 │  2  3  4  5  6   7  8
w07 │  9 10 11 12 13  14 15
w08 │ 16 17 18 19 20  21 22
w09 │ 23 24 25 26 27  28 29
w10 │ 30 31  1  2  3   4  5    September
w11 │  6  7  8  9 10  11 12
w12 │ 13 14 15 16 17  18 19
w13 │ 20 21 22 23 24  25 26

Aut │ Mo Tu We Th Fr  Sa Su
────┼───────────────────────
w01 │ 27 28 29 30  1   2  3    October
w02 │  4  5  6  7  8   9 10
w03 │ 11 12 13 14 15  16 17
w04 │ 18 19 20 21 22  23 24
w05 │ 25 26 27 28 29  30 31
w06 │  1  2  3  4  5   6  7    November
w07 │  8  9 10 11 12  13 14
w08 │ 15 16 17 18 19  20 21
w09 │ 22 23 24 25 26  27 28
w10 │ 29 30  1  2  3   4  5    December
w11 │  6  7  8  9 10  11 12
w12 │ 13 14 15 16 17  18 19
w13 │ 20 21 22 23 24  25 26
